200
1 2 3 4 5 6 7 8 9 10 11 12 13 6 7 11 12
0 14 15 16 17 18 19 20 21 22 23 24 25 26 27 28 29 7 13 15 17 22 25 90 106 110 156 199
0 30 31 32 33 34 35 36 37 10 12 31 33 35 37
0 38 39 40 41 42 43 44 45 46 47 48 49 50 51 7 12 13 39 44 48 50 90
0 52 53 54 55 56 57 58 59 60 61 9 62 7 12 13 52 54 58 90
0 63 64 65 66 67 68 69 70 71 72 73 74 75 76 77 78 10 66 67 70 72
0 79 80 81 82 83 84 85 86 87 88 89 0 80 82 84 85 87 88
0 1 3 4 8 9 0 90 91 13
0 7
0 4 7 13 15 19 106 123 140
0 92 2 93 5 94 95 96 72 97 98 93 98
0 0
0 2 99 100 3 4 101 0 13 102 99 100 102
0 7 12 14 103 91 1 3 4 104 21 9 105 106 24 107 108 109 91 103 104 108
1 13 106 107 111 112
1 1 110 111 112 113 18 114 21 9 115 116 117 107 26 118 18 22 26 107 110 111 112 116 118
1 119 111 112 120 28 121 122 123 107 124 19 28 107 111 112 119 121 123 124 140
1 125 1 126
1 15 127 15 27 64 128 129 130 131 132 133 19 134 22 135 136 24 26 137 138 139 19 24 28 29 106 107 111 112 131 133 134 139 140 159
1 18 140 141 142 111 143 16 144 145 18 146 147 9 148 149 26 27 29 110 140 145 149
1 150 151 152 153 154 155 156 157 150 151 152 153 156
1 13 15 107 112 140
1 18 158 159 111 112 160 1 161 15 162 107 26 163 164 165 29 112 140 149 159 160
1 166 167 168 169 170 171 172 173 174 175 176 177 178 179 180 181 182 183 184 185 28 167
1 13 18 186 187 188 18 28 107 111 186 187 188
1 1 111 189 190 191 192 193 194 195 28 196 197 198 199 28 111 189 192 193 197 198 199
1 15 18 19 22 15 161 29 27 29 106 107 110 111 112 139 140 158 161 162
1 18 19 26 28 29 106 107 111 112 134 140 141
1 16 25 27 16 23 18 25 24 111 112 198
1 19 22 26 18 149 26 27 106 107 111 112 140 141 149 164
2
2 2 33 34 33
2
2 31 2 31
2 31
2 2
2
2 2
3 65 50
3 3
3
3
3
3 45
3 3
3 43 50 46
3 45 50 51
3
3 3
3
3 38 45 46 3 52
3 46
4 4 50
4 56
4 4
4 65
4 53 57 57 59 62
4 56 56 59 62
4 4
4 56 57 61
4
4 59 62
4 56 57 61
5 65
5 18 127
5 38 55 63 68 73 136 137 158 159 170
5 5
5 5
5 65 136 136
5
5 5
5
5 10 5
5 65
5
5
5
5
5
6 83 82 80 82 83 87
6 79 83 6 87 82 83 87
6 89 89
6 79 79 83 6 80 87 83
6 79 80 82 79 82 80 87
6 6 88 88
6 6
6 89
6 80 82 79 83 6 80
6 84 84 6
6 81 86 81
7 1 3 4
7 13 13
10
10 95 96 10
10
10 93 96
10 93 95
10
10 10
12 12
12 12
12 132
12 12
13 13
13 105 13 108 108
13 104
13 140 14 29 111 112 1 18 9 109 107 26 27
13 15 16 22 106 14 117 159 27 139 21 16 161 18 15 24 123 26 29 110 134 149 163
13 104 104 13
13 106
15 1 111 15 144 19 107 26
15 16 19 22 25 106 110 14 27 15 16 18 117 24 25 26 159 28 29 112 143 149
15 16 22 106 140 14 27 111 15 16 18 21 22 149 26 159 28 29 149
15
15 132
15
15 15
15 107 111 140
15 15
16 16
16 124
16 16
16 124
16 107 16 9
16 16 120 122
17
17
18 64
18
18
18
18 18
18 114 101 138
18 18
18 18 107 27
18
18 68 65 68
18 65
18 132
18 107 18 26
19 106 112 117 27 16 161 18 19 21 9 22 149 26 159 29 149 161
19 27 29
19
19 111
19 110
19 19
19
19
19
19 29 112 140 140 111 112 19 22 107 29
20 20
20 152 153 20 154 155 156 152 153 156
20 151 154 20 151
20 151 20 156 151 156
20 151 152
20 151
20 151 153 1 151 153 20
20
22 65 26 163
22 107 111 112 140 65 161 18 22 161 163 164
22 22
22 26 107 140 159 140 26 159 164 162 164
22 161 26 163
22 158 159 164 162 107
22 161 163 161 159 29
22
23
23 23
23
23
23 65
23
23
23 184
23
23 175 175
23
23
23 184 190
23
23
23 184
23
23 190
23 173 178 181
23 185 185
24 24
24 24
24 24
25 195 25
25 178 183
25
25 25 198 198
25 25
25
25 189 199
25
25 25
25 192 192 25 28
25 1 195 25
