2000
1 2 3 4 5 6 7 8 9 10 11 12 13 5 6 11 13
0 14 15 16 17 18 19 20 21 22 23 24 25 26 27 4 6 11 15 16 20 24 90 199 209
0 11
0 28 29 30 31 32 33 34 35 36 37 38 39 40 6 10 28 32 33 34 35 36 37 40 372
0 41 12 1 42 43 44 45 8 46 47 9 48 49 50 51 6 11 41 42 45 49
0 0
0 52 1 53 4 3 54 9 0 55 52 54 55
0 56 57 58 59 60 61 62 63 64 65 66 67 68 69 70 71 10 61 64 65 70 71 717 723
0 4 9 11 43 91 92 447 481
0 4 6 72 73 74 75 76 8 77 78 79 80 81 82 11 74 75 82 90 849 854
0 83 84 7 65 3 85 86 87 88 89 83 84 85
0 41 1 2 4 8 90 9 12 0
0 4 11 91 92 93 48 94 95 96 97 98 44 99 100 101 102 103 50 43 90 91 97 98 103 442 941 959 1003 1055
0 104 105 106 107 108 109 110 111 112 0 113 114 104 105 106 107 110 113
1 115 116 117 118 119 120 121 122 123 124 125 126 127 128 129 130 131 132 133 134 120 121 123 127 129 1203 1204 1205 1206 1207 1210 1212 1215 1216 1220 1221 1222 1232 1233 1234 1236 1301 1393
1 1 135 136 137 138 139 140 141 142 143 135 136 137 138 139 140 141 142 143 1357 1361 1362 1399
1 1
1 144 145 146 147 148 149 150 151 152 153 154 155 144 146 148 149 150 152 153 154 221 1474 1503 1563 1565 1573 1576
1 156 157 158 159 60 160 161 162 163 164 165 166 167 24 168 169 170 156 157 158 161 162 163 165 167 168 169 170 296 772 1605 1621 1625 1627 1629 1630 1631 1632 1634 1675 1683 1699 1732 1734 1735 1737 1738 1739 1744 1745 1749 1759 1761 1766 1776 1779 1780
1 171 172 173 174 175 176 177 178 179 180 181 182 183 184 185 186 187 188 189 171 172 173 174 175 177 178 180 184 185 186 187 188 1785 1786 1789 1844 1849 1860
1 190 191 1 192 193 194 195 196 197 198 190 191 192 193 194 195 196 197 198
1 199 200 201 202 203 204 205 206 207 208 25 209 200 201 202 204 205 206 207 208 209 266
1 210 211 212 213 214 215 189 216 217 218 219 23 24 25 220 221 222 189 204 211 213 214 215 217 219 755
1 22 223 224 225 226 227 228 229 230 231 232 233 234 235 236 237 238 213 224 229 234 235
1 18 22 239 212 240 241 242 243 244 245 246 247 248 249 250 251 1 252 253 254 255 25 75 239 240 243 245 246 247 248 249 250 251 252 254 255 353 615 675 681 763 765 767 771 781 815 821 863 876 884 892 1082 1089 1393 1605 1620 1631 1666 1690 1717 1739 1748 1752 1759 1761 1765 1905 1960
1 21 22 256 220 257 258 119 259 260 261 262 263 264 128 265 266 24 267 268 269 189 214 256 257 258 259 260 261 262 263 264 266 267 269 1286 1298 1620
1 270 271 119 272 273 274 275 276 128 133 270 271 275 276 755 1298 1347 1352
1 277 278 146 147 145 149 279 280 281 155 144 146 148 149 211 215 277 1424 1816
3 282 31 283 284 285 3 286 287 288 287 764
3 289 290 291 292 293 294 295 296 297 298 299 300 301 302 303 304 305 306 307 301 302 303 305 306
3 308 309 310 311 312 313 314 315 316 317 318 319 320 321 322 308 310 311 312 315 316 320 322
3 28 323 324 325 326 327 328 329 330 331 332 333 323
3 334 3 335 336 337 338 339 340 341 342 343 344 345 346 339 344 346
3 347 348 349 350 351 352 353 332 354 3 355 356 357 350 351 352 357
3 358 359 360 3 361 362 363 364 365 366 367 368 369 370 371 359 360 361 362 365
3 372 373 374 375 3 36 38 36 372 373 374 375
3 35 376 372 377 373 374 375 3 378 35 372 373 374 375 377 378
3 379 380 381 382 383 384 3 385 386 387 40 388 40 382 387
3 35 389 390 391 392 393 394 395 396 397 398 250 399 400 401 372 394 395 400
3 283 284 285
3 37 402 403 404 405 406 407 408 409 3 410 411 412 37 413 414 403 404 405 406 408 409 410 412
4 11 415 416 417 418 4 419 420 421 422 423 424 425 426 427 421 422 426
4 428 429 430 4 431 432 433 434 435 436 437 438 439 440 431 432 434 437 440
4 50 93 441 94 8 442 443 95 444 46 99 445 47 446 12 447 446
4 12 47 91 445 447 479 959
4 448 449 450 4 451 452 453 454 49 455 49 448 449 450 451 452 453 454 455
4 43 456 457 458 459 460 461 231 462 463 464 465 466 467 468 469 470 471 472 473 474 959
4 43 91 93 48 94 95 475 476 477 44 99 478 101 479 480 481 482 50 483 91 101 103 442 475 941 953 959 1022 1061
4 12 47 484 485 486 487 99 488 489 490 96 99 441 484 485 486 487 488 489 490 994 1318
4 45 491 4 45 452 51 492 452 492
4 12 43 47 441 445 959
4 49
6 6 493
6 494 495 496 465 497 498 499 500 501 502 503 504 505 506 507 508 509 510 511 512 495 508 512 1021
6 6
6 6 513 514 513 514
7 515 516 517 518 519 520 521 522 463 523 524 525 526 527 528 529 530 531 1268
7 532 533 534 535 536 537 538 539 540 525 541 523 542 530 458 469 543 544 545 546 415 460 518 520 523 528 533 537 538 539 540 541 542 543 545 549 550 581 585 589 592 595 597 599 603 606 607 610 613 614 659 693 696 795 1193 1204 1207 1248 1268 1878 1887 1888 1892 1897 1945
7 547 548 147 549 541 550 525 528 155 154 900 1070 1268 1429
7 551 552 553 554 555 556 557 558 559 560 561 562 563 564 565 566 414 553 554 557 560
7 18 547 147 567 521 541 568 525 569 548 155 62 63 70 80 151 155 199 225 253 281 319 345 444 458 460 471 477 507 510 520 523 525 528 530 535 537 540 541 544 545 546 547 549 550 555 567 568 581 582 587 588 589 590 592 595 597 599 600 603 607 610 613 614 641 645 667 693 695 696 709 715 721 754 795 797 896 1018 1024 1034 1062 1088 1110 1161 1199 1204 1257 1429 1512 1551 1576 1579 1605 1655 1658 1663 1664 1673 1690 1714 1738 1751 1861 1863 1866 1878 1887 1892 1893 1897 1901
7 570 571 572 573 7 574 575 576 577 578 579 580 572 574 578
7 581 582 583 584 585 586 60 587 588 589 590 541 523 591 592 593 594 595 596 546 516 518 520 523 528 537 541 542 545 549 550 581 582 588 589 592 595 597 599 603 607 610 613 614 693 696 795 1097 1204 1209 1733 1848 1878 1887 1888 1892 1897 1945
7 597 598 599 600 601 602 60 603 604 605 606 607 608 609 594 610 611 612 613 614 540 549 595 604 611
7 615 616 617 618 619 620 7 621 622 623 624 625 626 615 616 617 618 619 620 621 622 623 624 626
7 10 627 628 629 630 631 632 633 634 7 635 233 636 637 638 639 640 641 642 643 644 380 627 630 631 639 644
7 645 646 518 647 648 649 520 521 650 523 651 652 653 654 525 655 656 530 657 99 154 274 540 549 595 657 811 834 1020 1145 1237 1268 1557 1639 1865 1882
7 658 659 535 660 661 662 231 663 664 665 666 667 458 668 669 670 671 672 673 674 662 673 674
7 675 676 677 678 679 680 681 682 683 684 685 686 687 679 684
7 532 688 689 690 519 691 692 521 693 523 694 695 614 458 696 544 697 698 699 525 549 595 692 698 1204
7 700 701 702 703 704 60 705 231 706 628 7 707 708 709 710 711 712 713 627 639
7 714 715 716 717 718 719 7 720 241 721 722 723 724 725 726 717 720 723 726
9 73 727 728 729 730 731 732 77 78 733 734 735 736 727 735 736 787
9 72 737 738 739 740 76 730 727 732 77 741 742 743 77 79 727 729 730 731 732 736 737 738 739 740 741 742 782 787 812 814 815 818 854
9 744 745 746 747 748 749 750 751 752 753 754 755 9 744 745 746 747 748 749 750 751 752 753 754 755
9 756 757 758 759 760 406 9 761 762 763 24 764 765 406 756 757 758 759 760 763 764 765
9 73 766 212 767 768 769 770 771 772 773 774 241 775 776 777 778 779 780 781 184 251 767 768 771 773 774 775 776 777 779 781 1902 1906
9 72 73 729 73 782 783 739 784 785 786 787 788 789 790 735 79 727 729 730 731 732 733 735 736 739 740 782 783 784 785 786 787 788 790 814 815 818 875
9 72 791 792 793 794 795 796 797 798 799 800 801 802 803 804 805 806 807 808 809 810 79 736 793 795 796 799 801 805 806 808 812 815
9 73 811 78 812 813 814 731 815 727 77 816 817 733 818 787 811 812 813 815 816 817
9 819 820 821 406 160 822 823 824 164 825 826 827 828 60 829 830 238 831 751 757 820
9 832 833 834 835 836 837 838 839 840 841 842 843 844 845 846 832 833 834 838 841 842 843 844 846
9 847 848 849 850 851 852 853 9 854 855 856 847 848 849 851 853 854 855 856
10 857 858 859 860 861 862 863 10 864 857 860 861 862
10 10 865 866 867 868 865 866 867
10 869 870 871 872 873 10 874 875 88 89 869 870 871 873 874
10 876 877 878 879 880 881 882 883 884 885 886 887 888 680 877 878 879 881 882 883 887 888
10 889 890 891 892 893 894 895 896 897 898 890 898
10 85 899 900 901 902 903 904 905 906 907 908 909 910 911 89 821 867 900 901 902 903 904 905 906 907 908 909 910 911
10 85 912 913 914 915 916 917 918 919 920 921 922 923 924 925 88 926 927 915 919 921
11 12 1 928 929 930 931 932 933 934 935 9 936 937 938 939 928 930 931 932 934 937 938
12 47 940 441 94 44 941 99 942 8 47 445 479 943 944 12 945 94 99 103 441 445 479 940 941 943
12 946 93 441 94 95 947 948 949 8 950 101 951 952 953 99 447 954 99 447 941 947 953
12 43 47 92 955 956 957 958 959 94 960 961 962 963 964 965 966 967 968 969 970 95 96 99 441 442 445 447 949 956 959 961 963 964 970 1022
12 43 47 91 92 93 971 972 95 973 91 974 975 976 482 977 95 99 103 441 445 447 478 482 941 959 972 974 975 976 977 1059 1062
12 43 47 92 94 978 979 980 94 981 982 983 99 984 985 953 986 987 93 988 989 103 441 442 445 447 949 953 978 980 982 983 984 985 986 988 1057
12 990 48 99 991 992 519 993 98 994 995 100 996 997 101 998 93 999 98 101 441 445 990 994 995 996 999 1007
12 12 1000 1001
12 96 1002 1003 441 1004 96 1005 1006 1007 1008 1009 1010 1011 12 1012 441 1003 1005 1007 1009 1010 1011
12 43 47 48 91 92 95 96 1013 1014 48 94 1015 91 1016 588 92 1017 1018 478 66 1019 1020 103 1021 93 1022 1023 441 443 445 447 477 478 1017 1022 1023
12 96 1024 1025 1026 1027 1028 1029 1030 1031 1032 1033 1034 1035 1036 1037 1038 1039 1040 1041 1042 1043 994 996 1030
12 47 92 96 1044 441 1045 1046 96 47 445 481 1047 1048 441 445 447 481 1046 1047 1048
12 1049 1050 1051 1052 1053 1054 1055 1056 1050 1051 1053 1054 1055
12 99 91 12 441 94 95 1057 1058 1059 477 47 445 482 1060 1061 1062 445 447 475 477 953 1058
13 1063 1064 1065 110 1066 13 1067 110 1063 1064 1065 1066
13 1068 1069 1070 107 1071 1072 114 1073 109 13 106 107 1068 1069 1070
13 1074 107 105 1075 114 1073 109 13 1076 109 114 1073 1074 1075 1076
13 105 106 1077 105 1071 1078 1079 114 109 1080 13 1081 109 1071 1073 1077 1080 1081
13 1082 1083 1084 1085 574 577 111 1086 1087 1088 1089 1090 580 1091 574 577 579 1085 1086 1087 1090
13 105 106 107 1092 1093 107 1071 106 114 1094 1095 1096 1097 114 1071 1073 1080 1092 1093 1094 1095 1096 1097
13 104 1098 1099 1100 104 1101 1102 1103 1104 13 1105 1098 1099 1100 1101 1102 1103 1104
13 108 1106 1107 1108 1109 1110 1111 1112 1113 1114 1115 1116 112 1090 112 1090 1106 1107 1111 1114 1115 1120
13 111 1117 1118 1119 1120 1121 1122 1123 111 1112 1090 1124 1125 1090 1112 1117 1118 1119 1120 1121 1122 1123 1124 1125
13 1126 1127 13 1128 1126 1127 1128
13 105 106 107 109 1129 1130 1131 1074 1132 1133 1134 1135 106 1136 1137 109 1138 1139 1073 1074 1075 1076 1129 1130 1133 1134 1135 1136 1137 1138 1139
14 1140 1141 117 1142 1143 1144 125 1145 1146 1147 1148 1149 1150 1151 117 125 1140 1141 1142 1143 1144 1145 1146 1147 1148 1149 1150 1151 1171 1172 1173 1176
14 1152 272 1153 1154 119 1155 1156 1157 273 1158 1159 1160 1161 128 1162 1163 133 1164 1165 130 132 133 134 185 216 220 242 273 1152 1153 1154 1155 1156 1158 1160 1161 1163 1164 1165 1186 1280 1287 1298 1312 1333 1334 1336 1342 1345 1352 1355 1916 1924
14 115 115 1166 1167 1168 1169 1170 1171 1172 1173 1174 1175 1176 1148 1149 1177 1178 1179 1151 1144 1147 1149 1166 1167 1168 1169 1171 1172 1173 1174 1175 1176 1177 1178 1179
14 1180 1181 1182 119 1183 1153 1184 1185 1164 1186 1154 1187 128 1188 1189 1190 133 1191 1192 185 216 220 1153 1183 1189 1312 1342 1346 1923 1924
14 25 26 116 118 1193 1194 1195 1196 1197 1198 1199 1200 1201 122 128 132 133 134 199 210 216 218 220 242 266 314 755 1165 1193 1194 1195 1196 1197 1198 1199 1200 1201 1228 1272 1273 1275 1277 1282 1284 1285 1287 1292 1298 1306 1333 1334 1335 1340 1342 1343 1345 1347 1352 1615 1915 1916 1918
14 1202 14 120 120 1203 1204 123 1205 1206 1207 1208 1209 1210 1211 1212 1213 1202 1204 1205 1213
14 14 1214 1215 1216 1217 1206 123 1218 1219 1220 1210 1221 1222 1207 1212 1216 1219 1220
14 1223 1180 1224 1225 1226 119 1227 1160 1228 1156 1165 1229 1186 1154 1187 128 1230 1190 133 1192 1187 1228 1923 1924
14 120 121 1231 14 1232 1204 1206 1233 1234 1220 1235 1236 1221 1237 1238 1203 1204 1205 1206 1207 1212 1220 1221 1231 1232 1233 1234 1236 1237 1238
14 1239 1240 1241 1242 1243 1244 1245 1246 1239 1241 1242 1245 1246
14 115 115 1247 1248 1249 1250 1148 1149 1251 1252 1151 1140 1143 1149 1166 1172 1173 1177 1178 1250 1251
14 1253 1254 1255 1256 1257 1258 1259 1260 1261 1262 1263 1264 1265 1266 1267 1268 1269 1270 1271 1254 1255 1257 1258 1259 1262 1264 1266 1270
14 1272 1273 1274 1275 1276 1277 1278 14 1279 1280 1281 128 1282 1283 1284 1285 1286 134 132 218 220 1272 1273 1274 1278 1280 1281 1282 1285
14 25 26 116 118 122 127 1287 1288 1289 1290 119 1291 1292 1293 1294 1165 273 1295 1296 1154 1297 1298 1299 1163 133 134 132 133 134 216 218 220 242 273 755 973 1154 1165 1175 1272 1275 1277 1280 1281 1284 1285 1287 1288 1289 1291 1292 1294 1296 1297 1298 1299 1306 1312 1331 1333 1334 1335 1336 1340 1342 1343 1345 1347 1350 1352 1355 1504 1519 1615 1916 1918 1921 1924
14 14 1300 1301
14 1302 1303 116 596 1304 1305 1306 1307 1154 1308 1162 1309 1310 1311 1312 1313 1314 1315 1192 220 1309 1310
14 1316 1317 494 1318 1319 1320 1321 1322 1323 1324 1325 1162 1326 1327 1328 1329 1330 1185 1321 1330
14 1331 1287 116 127 1332 1333 119 1334 1335 1336 1308 128 216 1337 1284 1162 133 220 1294 1337
14 26 116 118 122 128 132 116 1333 119 1338 1339 1340 1341 1284 1342 128 216 1343 1344 1345 1312 1335 134 134 210 216 218 220 242 1275 1277 1284 1297 1298 1306 1312 1333 1334 1335 1338 1339 1340 1341 1342 1343 1345 1347 1352 1355 1615 1915 1918 1923
14 127 128 133 1346 116 1347 1348 1333 119 755 1349 1350 1351 1352 1353 1354 1308 128 216 1355 133 1356 216 220 755 1346 1350 1351 1354 1355
15 1357 1358 1359 1360 1361 136 1362 15 143 136 143 1357 1359 1360 1361 1362
15 135 1357 1363 135 1364 1365 1366 1367 1368 1369 1362 15 143 143 1361 1362 1363 1364 1365 1366 1368 1369 1435 1436 1437
15 1370 1371 1372 1373 1374 1375 1376 1377 1378 1379 1380 15 1381 1382 1370 1371 1372 1373 1374 1375 1376 1378 1380 1382
15 1383 683 1384 1385 1386 1387 1388 1389 142 15 1390 1391 1392 140 142 683 1383 1384 1385 1386 1387 1389 1390 1392 1399 1428
15 1393 1394 1395 1396 140 1397 1398 1399 15 1394 1395 1396 1398 1399
15 139 1400 1401 138 1402 1384 1403 1404 1391 142 15 1405 1384 1399 1400 1401
15 1406 1407 1408 1409 1410 1411 1412 1413 1414 1415 1416 1417 1418 15 1419 1406 1407 1408 1409 1410 1411 1413 1415 1416 1417 1418 1419
15 138 140 1420 1421 1422 1423 1424 1425 138 1426 1399 1427 1428 1429 1430 1431 1432 15 1433 1434 1399 1423 1424 1427 1428 1432 1433
15 135 136 1357 135 1366 1435 1361 136 1436 1437 1369 1362 15 1438 1439 1361 1362 1366 1369 1435 1436 1437 1439
17 1440 1441 1442 17 1443 1444 1445 1446 1447 1448 1449 1450 1451 27 1440 1442 1448 1449 1451 1505
17 27 1452 1453 1454 1455 1456 1457 1458 231 1459 233 1460 1461 1462 1463 1464 1465 1466 1467 1468 152 233 836 845 1421 1425 1440 1443 1444 1446 1447 1448 1451 1452 1453 1456 1457 1458 1459 1460 1461 1462 1463 1464 1465 1466 1468 1481 1485 1490 1493 1494 1497 1501 1505 1506 1511 1513 1515 1517 1530 1531 1550 1579 1581 1583 1584 1596
17 27 1469 1470 17 1443 1471 1472 1473 1474 1475 1476 1477 1478 1479 1447 1480 1481 1482 1483 27 1116 1442 1443 1444 1447 1448 1469 1473 1475 1476 1478 1479 1481
17 27 58 60 1484 1485 1486 1487 1488 1489 1490 1491 1459 1492 1493 1494 1495 1496 1497 1498 1499 1500 1501 1502 181 182 230 1116 1235 1440 1443 1444 1451 1459 1467 1468 1491 1494 1496 1501 1502 1505 1506 1515 1520 1530 1550 1566 1584 1595
17 1440 1503 17 1443 1444 1504 1505 1506 1507 1451 27 1440 1451 1503 1505 1506
17 27 1508 1440 1509 1510 17 1511 1443 1512 1472 1513 1514 1515 1516 1451 1447 1517 1518 1519 1520 27 1442 1443 1444 1513 1515 1520 1550
17 1521 1522 997 1523 17 1524 1512 1525 1526 1527 1528 1529 1530 1531 1479 1532 1533 1534 1535 1536 1505 1522 1530
17 1537 1538 1539 1540 1541 1542 1543 1544 1491 1467 1545 1546 1547 1496 60 1548 1549 1550 1501 1468 1440 1451 1468 1491 1496 1501 1505 1506 1537 1538 1539 1540 1541 1542 1543 1545 1546 1547 1548 1549 1550
17 1551 1552 1553 1554 17 145 1555 1556 1557 1558 1559 1560 1561 1562 1563 1564 1565 1566 1567 1568 1552 1556 1557 1559 1560 1563 1564 1567 1570 1573 1575 1577
17 1569 1570 1571 17 1572 1573 1574 1575 1576 1577 1570 1573 1575 1577
17 1578 58 1579 1580 17 1581 1582 1583 1584 1441 1585 66 1586 1587 1588 1589 1590 1591 1501 1468 1501 1581 1583 1585 1591
17 27 58 60 1469 1592 1593 1594 60 1595 1586 1467 1476 1596 1597 1494 1598 1599 1600 1601 1602 1509 1501 1468 182 230 1116 1235 1442 1443 1447 1448 1467 1468 1469 1491 1494 1501 1515 1566 1584 1594 1595 1596 1599
18 1603 1604 1605 997 1606 18 1607 1608 1609 1610 1611 1612 1613 1614 164 1615 238 1616 1606 1607 1611 1614
18 1617 1618 1619 1620 1388 252 1621 1622 1623 1624 18 1625 1626 168 252 772 1617 1618 1619 1620 1621 1622 1625 1626 1766
18 1627 18 1628 1629 1630 1631 1632 1633 1634 1627 1628 1629 1630 1631 1632 1633 1634
18 1635 1636 1637 1638 1639 1640 1641 1642 1643 1644 1645 1646 1647 1648 1649 1650 1651 1652 1653 1654 1639 1645 1653
18 80 1655 255 1656 1657 1658 1659 1660 1661 1662 1663 1664 1665 1666 250 1667 1668 1669 253 1670 250 253 268 388 767 1603 1608 1655 1657 1658 1659 1662 1664 1666 1669 1675 1756 1773 1873
18 1671 1672 1673 880 18 1674 1675 163 1676 1677 1678 1679 169 163 169 1671 1672 1673 1675 1676 1677 1678 1679 1683 1699 1701 1769
18 1680 1681 1682 1683 18 1684 1685 1686 1675 1687 1688 1689 1690 1691 1683 1684 1685 1688 1689 1691
18 161 1692 1693 1694 1631 1695 1696 18 1697 1698 1699 1700 1701 161 1702 1703 1704 1692 1693 1694 1697 1698 1699 1700 1701 1702 1703 1704
18 80 156 1705 1706 1707 583 1708 585 1709 1710 1711 1712 1713 1714 1715 1716 255 1717 1718 1719 1720 165 250 255 565 767 1655 1657 1659 1661 1662 1664 1677 1690 1705 1706 1707 1708 1709 1713 1716 1718 1721 1730 1733 1773 1774 1848 1873
18 880 1721 1722 1723 18 1724 1725 164 1726 1677 1727 1728 1729 1730 1677 1721 1722 1723 1725 1726 1727 1728 1729 1730
18 1731 1732 1733 1734 1735 1736 1737 1738 1739 1740 1741 1742 1743 1744 1745 1746 1747 1731 1732 1733 1734 1735 1736 1737 1738 1739 1742 1743 1744 1745 1746
18 1748 1749 18 1750 1738 1751 1752 1753 1754 1755 1756 1733 1738 1748 1749 1750 1751 1753 1754 1755 1756
18 1757 1758 1759 157 18 1760 1761 1762 1763 1764 1765 1766 1738 1757 1758 1760 1761 1762 1763 1764 1765 1766
18 161 1767 1768 1769 1770 18 1771 1772 1699 1773 161 1774 1775 1776 1777 1631 1683 1699 1767 1768 1770 1772 1773 1774 1776
18 1778 1779 18 1780 1781 1782 1778 1779 1780 1781 1782
19 1783 1784 1785 1786 1787 1788 1789 185 1790 1791 19 1792 1793 1786 1787 1791 1792
19 1794 1795 1796 1797 1798 1799 1800 1801 1802 1566 1803 1804 1805 1806 1807 19 1808 1809 1810 1794 1797 1799 1803 1805 1807 1810
19 1811 178 1812 1813 1814 1815 1816 1817 1818 1819 1820 1821 19 1822 1789 1811 1814 1816 1819 1821 1858
19 1823 1824 1825 1826 1827 1828 1829 1830 1831 1832 1833 19 1834 1823 1826 1827 1828 1829 1830 1831 1833 1834
19 19 1835 1789 1835
19 1836 1837 541 1838 569 1839 1840 548 1841 1842 193 274 415 509 518 523 528 538 541 550 569 581 589 597 599 613 778 945 1248 1323 1346 1690 1733 1810 1836 1837 1838 1839 1840 1841 1842 1849 1865 1878 1892
19 1843 1844 1845 1846 1847 1848 1849 19 1789 1850 1789 1843 1844 1845 1847 1848 1849 1850
19 173 1851 1852 1853 1785 1854 1855 1856 19 1857 1858 1859 1812 1860 1789 1785 1789 1812 1851 1852 1853 1854 1855 1856 1857 1858 1859 1860
19 1861 1837 1862 1863 1864 1865 1840 528 1866 193 1865
19 1867 1868 1869 1870 1871 1872 1873 1832 1874 1875 1016 1876 19 1877 1832 1868 1872 1873 1875 1876 1930
19 1878 1879 147 1866 521 525 1880 1881 1841 1842 221 279 497 509 1180 1273 1341 1879 1880 1881 1891 1896 1932
19 147 525 1838 569 1882 1883 1840 521 1841 155 657 1838 1865 1882 1883
19 1884 1885 1886 1887 1888 1889 1890 1891 1892 1893 523 1894 544 1895 1896 1897 1898 1899 546 1900 1885
19 1901 212 1902 1903 1904 1905 1906 1907 781 1908 1909 1910 1911 1912 1913 1914 19 76 1904
19 171 1915 116 1916 1276 118 1335 1917 1918 1919 1920 1921 1922 1923 1924 1312 19 1925 1926 1927 1785 1786 1919 1920 1922 1925
19 212 1928 1929 1930 1931 1932 1933 1934 1935 1936 19 1929 1931 1933 1936
19 1937 1938 1939 1940 769 1941 1942 1943 1944 1945 1946 1947 19 1789 1937 1938 1939 1940 1941 1942 1943 1944 1946 1947
19 19 1948 1948
19 22 1949 22 1950 1951 1952 1953 1954 1955 1956 25 1789 1949 1954 1955
20 1957 1958 1959 1960 1961 20 1962 197 1957 1958 1960 1962
20 1963 1964 1965 1966 1967 1968 1969 1970 1971 1972 20 1973 1974 1975 1976 1977 198 1964 1967 1968 1974 1976
20 1978 1979 1980 1981 1982 1983 1984 1985 1986 1987 20 1988 1989 1990 1978 1979 1980 1981 1982 1983 1985 1988 1989
20 1991 1992 1993 997 228 1994 176 1995 1996 179 1997 1998 1999 20 196 1434 196 1996 1997
20 381 20 381
20 20 1974
20 193 1991 20 193 1974
20 190 336 20 1974 1765 1958 1974
20 191 1966 20
21 214 119 1877 766 1 1284 266 60 213 214 266 399 1843 1860 1933
21 21
21 21
21 208 206 21 206 208
21 206
21 22 21
21 21
21 202 202 203 21 208 208
21 21
21 202 206 202 21 206
21 21 1
22 119 133
22 22 27
22 24 76 184 186 246 246 251 298 324 327 715 766 769 778 850 1139 1388 1419 1608 1619 1760 1765 1766 1846 1905 1911 1952
22 199 22 23 1912 235
22 199 199 22 25 1935
22 1283 22 1279 27
22 132 133 134 116 119 1333 118 1336 1308 128 1312 133 134 218 220 221 1274 1276 1277 1279 1286 1298 1312 1334 1343 1347 1393
22 22
22 1287 272 127 1342 1333 119 1305 1292 1308 128 216 1715 1312 133 1153 1347 1352
22 22
22 25 116 130 118 119 242 133 1340 127 128 216 1343 132 134
22 1915 17 181 216 1280
22 1274 1277 1282 1338 1923
23 845 1862
23 23
23 60 280
23
23 229
23 193 509 509 1631 1849 1858 1932
23 227 23
23 147 1862 541 1838 1840 548 1841 155 280 509 518 523 528 529 538 541 550 581 589 597 599 613 692 1248 1323 1557 1565 1568 1576 1733 1810 1837 1838 1840 1841 1842 1849 1878 1892 1913
23 46 67 70 145 1636 646 280 470 498 632 634 636 645 646 653 669 798 835 1043 1330 1438 1463 1500 1561 1579 1666 1862 1955
23 1862 576
23 65 145 145 1862 280 470 646 828 1043 1438 1463 1509 1521 1549 1551 1561 1714 1862 1955
23 23 238
23 213 23
23 1530
23 896 1429
23 80 156 234 509 244 250 253 268 332 509 778 852 881 1070 1608 1655 1660 1662 1663 1664 1669 1673 1691 1718 1725 1756 1768 1849 1873 1914 1935 1945 1994
24 24 1912 1935
24 24
24 71 76 714 722 1751 1912 1935
24 220 1331 116 119 1336 128 133 1333
24 24
24 238 778 268 778 1769 1911
24 1932 1934 24
24 212 212 1909 24 769 1909
24 1391 1751 24 1391
24 24
24 24
24 38 160 769 268 160 164 24 238 253 268 769 830 1615 1751 1756 1909 1912
24 212 24 1909 76 1909
24 157 157 1762 24 1391 1751 1762 1766
24 160 60 160 825 250 238 830 1615 1751 1914
24 24
24 160 164 24 164 555 555 1733
25 769 25 769
25 25 384 827
25 25
25 406 25
25 25
25 25
25 25
25 25
25 1412 25
25 1031 646 1041 1201
25 199 199 21 119 25
25 406 25 406
25 250 160 769 1665 825 250 244 238
25 911 25 911
26 26
26 26
26 116 218 1915 1335 1284 1164 1044 1164 1275 1306 1915
26 116 128 116 1308 128 1284 1334 338 1159 1275 1284 1306 1334 1340 1918
26 1512 66 176
26 26
26 26
27 27
27 1579 1600 1546 1546
27 181 1296
27 1469 230 231 1467 233 1587 225 1566 1483 1442 1443 1444 1447 1469
27 1558 60 1516 1558
28 766 286
28 284 39 284
28 283 283 285 39 285
28 284 284 39
28 287 282
28 286 28
28 1407 783 336 1765 363 558 783
29
29 1650
29 601 295 295
29 295
29 1647
29
29 291 292 291 1650 307 1280
29 18
29
29 212 1754
29 463 465
29
29 29
29 29
29 29
29
29 29 751 751
29 29
29 295
30 30 321
30 313 318
30 30
30 30 321
30 30 319 321 313 318 319
30 309 312 319 321
30 119 524
30 30 321
30 30
30
30 309 319 312 321 319
30 312 313 318 60 318 312 321
30 30
30 308 311 312 313 315 318 319 465 322
30 30 321
31 324 325 31 330 325 330
31 323 212 326 354 325 326 354 676
31 323 324 332 354 323 333 332 333 354
31 324 324 328 331 328 331
31 212 519
31 326 326 330 331 330 331
31 1566
31 323 328 323 328 331
31 326 328 330 326 328
31 33 325 1082 1995 325 238 1082
31 325 325
32 335 338 341 335 341
32 334 334
32 197 288 342 363 369
32 348 342 342 348 369 719
32 334 634 273 458
32 348 32 342 348
32
32 334 334
32 337 339 348 336 337 348
32 343 343
32 32
32 60
32 32
33 351 351 352 354 356 357
33 337 339 342 339 337 342 369
33 355
33 33
33 347 1846 352 347 33 357 356 352 357
33 351 351 347 33 357 357
33 24
33 324 325 324 325 347
33 349
33 351 347
33 351 352 351 352 347 33
34 1391 715 715
34 34
34 34
34 34 1445
34 34
34 783 336 288
34
34 34
34 551 551
34 371
34
34 348 337 336
34
34 367 555
35 36 375 3 35 36 38
35 36 35 36
35 36 35 36
35 36 372 376 35 36 376 377
36 375 377 375 377
36 376 376 375 36
36 36
37 380 1733 827 380 404
37 379 379 65
37 194 194
37 407 37 407
37
37 257 387
37 386
37 385
37 384 37
37 767 160 762 767
38 389 389 399
38 397 397
38 536 667
38 396 396
38
38 38
38 38
38 392 392
38 390 390
38
38 389 199
38 38
38
40
40 40
40 379 40
40 858 827 40
40 75 80 259 267 757 75 762 267 40 757 762 821
40 382 382 884
40 40
40 40
40 40
40 912 414 912
40 40
40
40 59 411
41 57 1558 1467 176 421
41 421
41 422 425
41
41
41 422
41 41 416 415
41 41 417 420 422 422 425
41
41
41 422 417
41 41
41
42 433
42
42
42 42 434 434
42 42
42 428 666 458 689
42 431 42 431
42 440 439 439 440
42
42 42
42
42 435 440 435 440
42 435 439 42 439 435
43 91 92 98 101 103 93 990 48 94 95 96 98 477 91 99 101 479 50 442 445 475 941 953 954 990
43 93 441 95 47 445 12 959
43 99 481
43 1452 1453 60 1467 446
43 91 101 103 442 91 93 441 94 96 95 103 477 44 99 101 953 50 447 953
43 43 444
43 92 445 92 93 94 95 103 477 8 44 479 101 953 482 99 475 482 953
45 450 45 454 1307 450 454
45 45
45 448 448 45 452 454 452 454
45 45
45 49 450 49 45 450
45 45
45 448 450 448 45 450
45 45
46
46
46 57 67 69 338 433 535 60 659 664 663 535 634 650 653 659 1975
46
46 1452 57 60 1588 1434
46
46 583 526 524 466 516 517 524 653 665 691 797 1014 1144 1271 1984
46 56 299 666 1730
46 1319
46 53 299 321 666 1319 689 828 1527
46 462 527
46
46 1042 659 1306 659
46 57 666 664 1501 651 665 668 1029
46 1635 233 645 634 231 1647
46 60
46
46 494
46
47 441 1059 1057 477 47 103 447 477 1059
47 941
47 103 441 445 447 475 60 99 103 482 475 479 482 1057 1061
47 99 94 99 480 480
47 91 441 447 91 477 44
47 478 478
47 101 8 443 101
47 94 103 447 477 94 477 1057 976 447 976 1057 1059
47 1795
48 48
48 48 1329
48 48 1162 1329
48 48 611 1162 1329
48 48 504 1162 1318 1329
48 48
48 48
49
49 49
52
53 131 473 690 534 588 511 653 690 702 712 789 1194
53 53
53
53 181
53 1509 1477 231 1566 1458 1483
53
53 506
53
53
53
53 488 1016 1040 1867
53 1434
53 500 1476 664 664 1649
53 1031 60
53 53
53 228 238 230 176 228 181 238 1434 1523 1992
53 1558 60 1523
53 494 780 1002 1351 1635
53 1461 53 1019 1021
55 55
55 1558 55
56 797
56 585 62 462 526 1890
56 462 664 664
56 66 57 230 1555 176 62 1467 997
56 69 96 327 651 527 651 653 659 668 692 704 830 1031 1311 1325
56 66 57 60 62 1467
56 60 66 69 181 182 534 534 997 1445 1913
56
56 57 62 66 69 183 57 230 60 176 62 1592 1467 1434 826 836 997 1434 1445 1467 1512 1520 1592 1998
56 314 462 462 1642 1642 1986
56 57 58 60 66 69 181 182 1592 60 1558 845 1467 845 1019 1021 1116 1445 1467 1558 1796
56 462 527 516 1912
56 466 526 519 1467 798 1012 1747
56 58 179 57 230 60 176 62 826 826 992 1019 1021 1358 1796 1995 1998
56 230 1533
56 57 66 60 1558 1467 997
56 628 1330
57 69 532 532 1467 826 1358 1422 1430 1434 1467 1470 1520
57 57
57 494 521 521 683 690 1527
57 67 458 601 60 663 458 672 660 672
57 391 666 542 647 649 710
57 57 60 62
57 57 176 230 1434
57 57
57 57 60 63 66
57 58 60 62 176 230 57 230 60 176 62 826 826 836 1108 1116 1472 1511 1512 1520 1523 1533 1535 1995 1998
57 57 585 536 62 583
57 57
57 69 183 60 1558 1467
57 57 60 62
57 62 183 60 1558 1467
58 60 1453 1592 60 1296 845 845 1021 1235 1421 1425 1426 1445 1453 1513 1520 1594 1796
58 60 176 230 1535 1995
58 57 60 62 63 66 69 826
58 1521 57 230 60 176 62 1995
59 366 555 559 366 563 557 565
59 555 557 559 563
59 59 1769 555 557 559 1669 563 557
59 59
59 255 371 551 552 553 60 557 255 557 561 565 1733
59
59 552 553 555 553 59 555 551 559 1669 563 561 565
59 1765 288 783
59 551 552 553 557 1665 825 564
59 59
59 555 557
59 761
59 551 552 553 557 825 1720 564 769 830 885 1615 1668 1724 1727 1910 1912
59 1386 559 563
59 164 555 557 830 551
59 778 1665
60 60 1019 1019
60 60
60 176 182 176 1235 1913
61 1085 575 1113 1089
61 1084 1085 574 575 577 1089
61 61 576
61 1083 1762 1085 574 575 577 1089 574 575 1085
61 108 571 573 61 573 579 1085 108 577 1089 580 579 1085
61 570 571 573 579 573 577 1089 579
61 572 232
61 108 571 573 574 575 108 579 579
61 61
61 574 575 577 1085 574 575 577 108 1086 1089 1086
61 108 574 1085
62 57 230 1555 60 176 62 1555
62 60 62
62 164 462 542 660 666 1642
62 1040
62 164 516 542 57 666 653 666 835 1148 1311 1321 1649 1886 1888 1890
62
62 60 1558 1467
62 99 494 60 62 664 666 660 1733
62 57 230 60 176 62 1477
62 60 1558 1467 1467 1520
62 1637 1467 1890
62 57 60 62
62 1257 1604 1963
62 63 666 664 981 1886 1898
62 57 60 62 63 66 69
62 130 656 1307 1624 1809 1918
63 57 230 60 176 62 1467
63 663
63 57 1456 230 60 176 62 1434 1456 1504 1533
63 60 663
63 291 535 663 641 658 659 667 689 1664 1886
63 666
63 57 60 62 1477 1467
63 63
63
63 57 1558 1467 1434 1511 1519 1589
63 57 60 62 826 1480 1511 1519 1589
63
63 663
63 57 60 62 1477 1434
63 63 487 1012 1651 1984
63
63 1477 57 230 60 176 62 1533 1558
63 69 57 62 60 1456 1434 1425 1456 1517 1589 1993
64 618 64 24 618
64 620 64 622 621 620 621 622
64 64
64 615 615 64
64 620 64 622 621 620 621 622
64 616 619 616 619 64 621 622 624 621 622
64 616 619 620 616 619 620 64 622 624 625 622 624
64 616 619 620 621 616 620 619 621 64
64 64
64 620 621 1138 64 621
64 621
64 64
65 65 70
65 70 1636 1027 1638 531 700
65
65 65
65 65
65 634 231 1647 663
65 1636 663 1652
65 338 470 632 1636 231 458 1638 689 643 636 653 798 1316 1802
65
65 1636 634 231 643
65 668 1647
65 663 672
65 65 70
65
65 601 60
65
65 634 636 1247 1316 1643 1867
65 65
66 470 231 60 663 663
66 231 1601 1595 231 233 265 1467 1483 1471
66 536 666 1897 683
66 1419 1653
66 536 666 663 1975
66 458 689 1613
66 519 519 469 1635
66 835
66 585 634 519 231 462 494 458 689 1667
66
66
66 596 683 691 797 1572 1890 1984
66 1493 1512 1485 66 1520 1486 182
67 601
67 458 468 57 468 601 458 519 689
67 583 588 666 535 663
67
67 67
67 458 535 598 600 601 609 632 633 638 645 649 660 1636 645 666 1898 689 703 798 822 829 1018 1612 1636 1646 1806 1898
67 458 469 506 517 588 594 517 506 691 1014
67 689 462 469 1897 1467
67 433 465 469 536 585 588 594 602 647 649 660 663 583 585 463 1293 689 691 829 1612 1806 1890 1897 1965
67 391 601 60
67 637 519 1319 469
67 231 835
67
67
67 535 535 638 672 672
67 674 67
67 673 67
68 24 678 682
68 324
68
68 675 683 682 685 685
68 68
68 86
68 1906 24 775 1832 1906 1956
68 678 675 1381 686 685 686
68 138 678 138 534 647 656 723
68 68
68 678 682 686 678 686
68 682 685 682 685
68
69
69 433 465 634 650 653 665 659 601 666 663 691
69 494 534 494
69 666 462 664 689 656 1527
69 997 230 519 69 1612
69 57 60 62 1477 826
69
69 60
69 57 60 62 1467
69
69 69
69
70 628
70
70 494 1031 713
70 663
70 1453 519 1467
70 1864 826 1245 1358
70 712 713
70
70
70 60
70 536 762 767
70
70 706 1636 494 713
70 706 702 712
71 766 241
71 358 358 60 212 720
71
71 7 71
71
71 337
71 715 71
71 60
71 241 726
71 7 683 71
71
71 1625 1625
71 722 71
72 73 79 72 73 782 77 1019 731 736 782 814 1843
72 1407 736
72 77 73 737 731 77 736 736 787
72 73 73 740 731 732 77 740 814
72 79 729 730 73 727 732 736 77 732 736 782
72 73 730 731 73 739 740 731 77 735 735 739 740 742
72 79 1407 77 784 814 1407
72
72 77 732 72 732 854 77 736 736 854
72 729 731 735 72 73 737 731 728 729 727 77 78 735 737 782
73 729 736 73 736
73 73
73 77 732 73 732 77
73 730 732 73 730 732 77
73 73
73 73 732
73 1402
74 74 746 754
74 74
74 744 74 751 754 754
74 74 753 755 752 753
74 74 748 748
74 74 751 755 751
74 74 751 1388 751
74 305 746 749 750 74 749 750 80 305 754
74 74 747
74 747 74 755 747
74 746 744 74 60 751 746
74 134 747 749 753 1283 74 119 22 1340 128 1534 26 134
75 75
75 406 80 406 75 762 820
75 760 759 75 1741 765 759 760 765
75 758 758 760 75 765 760 765
75 758 759 758 1619 759 75 765 1619
75 562 1686 1718
75 406 757 821 406 823 710 388 823
75 75 1912 24 765
75 28 75 1666
75 758 759 758 760 759 75 763 24
76 199 282 714 212 912
76 388 160 710 24 164 76 388 1751 1756
76 76
76 187 250 256 268 256 1656 212 825 1663 246 1665 250 1667 1657 563 1603 1657 1702 1943
76
76 1912 24 76 1905
76 18 157 1621 1622 1625
76 76
76 76
76 681 76
76 76
76 76
76 244 566 212 176 884 244 830 238 1911
76 76
76 1326 511
76 184 1412 1910 24 76 1905
77 727 73 727 731 77 736
77 288 363 558 77 288 872
77 77 733
77 77
77 77
77 729 73 72 818 79 815 77
77 77
77 494
77 77
78
78 1462
78 78
78 798
78 57 78 60 798 62
78 78
78 60 515 462 656
78 794 795 634 231 527 663
78 1512 78 1520 1434
78 1597
78 78
78
78
78
78 78
78 806 806 78 810
78
78 78
78
78 806
79 66 79
79 73 79 78 816
79 79
79 73 818 730 727 77 733 815
79 787 73 814 77 79 78 24
79 812 79
79 79
79 787 814 73 77
80
80 80 757
80 762 406 88 24
80 663
80 762 762
80
80 253 268 559 563 769 828 830 1655 1662 1663 1665 1873 1911 1914
80 528 541 607 693 532 705 541 523 549 528 896 1019 1245 1358 1447 1569 1722
80 379 405 257
80 465 233 825 1848
80 663 666
80 565 778 1661 1720 519 825 250 563 253 1660 1662
80
81 81
81 833 833 81 844 844
81 66 81
81 585 231 669 652 1897
81 541 145 1861 523 1850
81
81 81
81
81
81 81
81 81
81 81
81 833 833 81
81 223 525 547 547 145 1862 525 1043 1512 1862
81 81
82 850 82
82 850 853 82 856 853 856
82 9 82 854
82 847 848 212 851 853 854 856
82 850 82 856
82 238
82 848 848 850 1445 82
82 735 73 849 9 82 850 735
82 82
82 848 851 848 850 1019 82
83 83 862
83 405 861
83 863 863
83 83
83 858 83
83 83 857
83 859 859 24
83
84 84 868 866 866
84 865 84 868 865
84 84 88
84 865 866 926
85 870 85 870
85 869 869 85 874 874
85 85
85 783 1765
85 85
85 870 870 85
85 77
86 1660 1663 24 1381
86 1769 86
86 86
86 86 882 888 882 888
86 161 165 1706 1378 1675 1678 1688 1690 1706 1707 1730
86 86 238 1972
86 879 879 86 888 888
86 86 1793
86 407 778 24 1655 1683 1709 1713 1716 1733 1848
86 563
86
86 86
86 879 882 879 86 882
87 890 895 896 890 891 893 896 897
87 889 889 891 896 87 897 891 896 897
87 890 889 890 893 895 896 897 893 897
87 24 897 897
87 891 889 895 891 897 897 1439
87
87 889 891 893 896
87 889 890 891 889 890 60 895 826 237 897
87 890 891 892 893 890 891 892 893 889 896
87 87
88
88 58 88 903 907
88 909 911 88 909 911
88 905 88 905
88 900 88
88 88 1765 1407 1765
88 902 902 88
88 88
88 900 88
88 909 923 88 909 923
88 901 908 901 908 88 911 911
88 88
88 269 901 909 901 909 269 88
89 411 766 916 927 924 411 916 924 925 927
89
89 926 926
89 89 918 918
89 912 912 925 919 925 927
89
89 915 915
89 916 927 89 925
89
89 89
89
89 908 1610 908
89 912 912 925 927
89 916 919 912 916 924
89 868 914 914
89 912 919 912 916 924
90 931 90 931
90
90 90 939 939
90 928 928 90
90 90
90 938
90 90
90
90
90 90 938 938
90 937 933 937 90
90 930 930
91 1442 91
91 91 946 441 94 476 47 92 12
91 959
91 91
91
91 997 1021 1555 176 1995 1512
92 941
92 92
92
92 95 93
92
92
92
92 95 445 447 445 441 95 47 92 103 447
92 973 441
93 1031
93 93
93 958 961
93 957 965
93 442 93 94 44 12 942 47 50 46
93
93 957 93
93
93 93
93 93 967
93 958
93
93 964
93
93
93 93
94
94 94
94 954 128
94 94
94 94
94 482 94 482
94 94
95 95
95
95 95 988
95 594
95 95
95 95
95 95
95 95
95 95
95
95 980 95
95
96 441 441 96
96 1010
96 528 1836 1836
96 1023 1112 1385
96 48 96 996 100 996 999
96 96
96 994 994 96 100 999
96 150 156 193 692 945 518 1878 521 523 530 1639
96
96 994 96 996
97
97 1307
98 1040 1038 511
98 1004 1795 98 12
98 1003 1005
98 1004 98
98
98 1011 96 98 1011
98
98 1796 98
98 991 98
98 1007 1007 98
98 1886 527 611
99
99 462 664
99
99 180 1636 504
99 99
99 60 1596 663
99 512 567 727 856 1021 1837 567 525 826 1840 528 1866 1836 1195 1237 1556 1639 1836
99 1806 66
99 512 945 1019 547 1842 53 1862 525 528 1863 1195 1237 1244 1466
99 47 99 93
99 993 99
100 60
100 1025 1025
100
100 628
100 1710 1890
100 469
100 100
100 265 507 702 955 1636 519 1036 1040 1041 1207 1219 1326 1340 1351 1475 1509 1510 1598 1642 1918
100
100
100 60
100
100 1031 1586
100
100 1002
100
100 584 1002 1031 504 1534 1836 1883
100 1031 265 1313
100 468 1042 1042
100 1453 1469 1540 231 233 1296 845 1494 1296 1453 1540 1578 1587
101 272 1048
101 1048
101 101
101 101
101 1045 1044 101
102
102 102 1053 1056 1053
102 102 1055 1053 1053 1055
102 1053
102 1050 1051 1056 1050 1052 1051 1055 102 1055
102 102
102 1051 1053 1051 1053 102 12
102 1050 1053
103 475 482 95 477 482 1061
103 103
103 475 94 1798 482 475 1061
103
103 1059 1057 477 47 1062
103 1061 94 60
104 104
104 104 1065 1066 1067 1065
104 1064 1064 104
104 1064 104 1067
104 1064 1066
105 105
105 1071 105
105 58 1512 105 238
105 107 109 1069 107 1113 109
105 1076
105 106 107 106 114 109
106 114 106 114
106 114 106
106 106 114 1072
107 107
107 1081
107
107 109 107
107 107 1078
108 332 332 24 1091 1088 1091
108 573
108 571
108 570 571 573 574 579 573 108 574 580
108 579 108 579
108 108
108 1082 60
108 570 571 573 574 575 579 24
108 111 112 108 1113 112 111 1120
108 1082 1082
109 109 1950
109 109 1096 1096
109 109
109 109 1096 1096
109 1093 1095 1093 1445 1116 109 1095
109 62 109
110 110
110 110
110 110
110 110
110 110 1104 1104
110 110
110 1102 1102 110
110 1956 1115
111 111
111 111
111 541 1881
111
111 60 1467
111 111
111 112 993 112 1117 1119
111 570 1071 1090
111 111
111 1105 111
111 1096 146 147 541 525 1881 1863 155
112 1125 1112 112 1125
112 112
112 1112 112
112 111 112 1090
112 112
112 112
112 112
112 112
112 1117 112 1117
113 113
113 113
113 113 1425 1426 1421 1434
114 1132 1133 1135 1136 114 1820 1134 1133 1134 1135 1136 1820
114 114
114 1137
114 1129 1135
114 1129 1129 114 1134 1134
114 1129 1133 1129 1133 114
114 1129 1129 1132 114
114 1129 1129 114
114 1131 114
114 624 114
114 212 114
115 115 1144 125 1148 1151
115 115 1143 1144 1151 1149 1148 1143 1149 1151 1172 1176
115 115
115 1141 115 1141 1144 125 1148 1169 1172
115 1140 1141 1143 115 1171 117 462 1148 1149 1897 1151 1149 1151 1171 1172 1177
115 115 1145 1145 66
115 115
115 115 117
115 117 125 1140 1141 1143 1144 115 585 1250 1149 1151 1149 1151 1166 1169 1171 1172 1173 1177 1178 1250 1405
115 117 125 1141 1144 1148 115 1141 117 1144 125 1148 1149 1149
115 115 1151 1151
115 117 125 1140 1141 1144 1148 1150 115 1141 1144 1148 1150 1172 1176 1613
116 116
116 118 1915 116 1157 1335 218 118 1306 1335
116 118 122 128 130 116 1467 1308 128 1284 1191 1165 1284 1287 1305 1335 1915
116 116
116 122 116 1160 1308 1335 1336
116 1153 1175 1275 1284 1287 1335 1788 1915 1924
116 116 1162
116 273
116 122 1156 116 1335 1284 1284 1335 1336
116 116 60 1558 1467
116 130 131 132 486 487 488 1158 1287 1306 1334 1350 1955
116 128 116 1955 1275 1955
116 118 272 1915 272 116 1918 1308 1284 1335 1284 1335
116 122 128 1350 1346 116 1154 119 1287 1187 128 1306 1312 1192 1187 1275 1306 1918
117 117 125 1148
117 117
117 117
117 1143 117 1148
117
117 1144 115 117 1144 1148
117 115 1141 117 1143 1144 125 1148 1151
117 115 117 125 1148
117 117
117 1331 117 1157 1186 128 1284 1313 1355
117 115 1141 117 1151
117 117 1144 125 1148
117 1148 117 125
117 117
118 122 181
118
118
118 118
118 1447 1995
118 131 1291 1291 1534
118 122 1175 116 1340 1336 1308 1336 1340 1918
118 122 1165 122 1165 1915
118 1915 1915
118 118
118 122 1340 1483 1317 1340 1483
118 1154
118 122 130 1165 1267 1287 1335 1336 1441
119 57 119
119 119 1476 494
119 1021 119 1512 1287 1019 1449
119 119
119 119
119 119 1512
119 119 60 1276 1276
119 119 1543 1481
119 119 1340 265
120 120 1219
120 14 1219 1206 123 1218 1445 1220 1221
120 123 57 120 60 62 14 1219 69 123 1207 1796
120 14 120 123 1206 1207 1220 1212 1221 1206 1221
120 121 123 1203 1205 14 1205 1214 123 1220 1238 1212 1221 1214 1221 1232 1236 1238
120 1204 1205 14 57 1031 1219 123 121 1221 1215 1218 1232 1236 1238
120 1234
120 62
120 121 14 1220 1212 1237 1221
120 1213
120 1205 1206 1210 1231 14 1219 121 1214 123 1221 1222 1232 1214 1221 1231 1232 1234 1236
120 120 1211
121 1206 1212 1218 1206 1220 1212 1218 1219 1220
121 14 1358 1207 1219 1220
121 14 121
121 1467
121 1203 1214 1234 1214 1207 1220 1234
121 1202 1203 1204 1207 1212 1215 1031 121 1214 1222 1221 1220 1222 1238
121 123 1203 1205 1206 1210 1214 1215 1218 14 121 1214 123 1219 1221 1221 1238
121 123 1203 1205 1206 1207 1210 1212 1219 1220 14 1205 1206 123 1220 1212 1222 1222 1234
121 1212 1219 1221 14 1234 1219 1221 1234
122 1284 1284 1915
122
122
122 1335 1335
122
122 1915 119 122
122 1293
122 1336 1308
123 1212 123 1236 1212 1236
123 1212 14 1207 1206 123 1236 1212 1236
123 14 123
123 1218 1222 1218 123 14 1208 1212 1221 1222
123 547 147 1862 1838 569 155 1841 1836
123 1231 1232 1231 14 1232 1207 1206 123 1212
123 1210 1021 1512 123 66 1019 1467
123 1206 1206 123 1207 1219 1220
124 124
124 1558
124 124
124 124
124
124 1021 1512
124 705 124 826
124 1246 1246 124 1558
125 1636 643
125 57 230 176
125
125 1148 125 1148
125 125
125
126
126 126
126 126
126
126 1558 126 593 60
126 126
126 1358 126
126
126
126 126
126 1297
126 126
126 1320
126 126
126 1192 1604
126 57 58 66 56
126
126 126
126 462
127 1281 119 127 1282 128 1286 1281
127 119 181 1281 127 1281
127 1915 1286 1276 127 216 1280 1284 222 1277 1280 1282 1286 1393
127 1287 272 119 1292 1294 1157 273 1325 128 1298 1163 133 1165 1286 1292 1325 1345 1346 1955
127 185 1199 1274 1915 216 1280 1199 1277 1286 1393
127 1915 1287 1274 1333 119 1276 128 216 1280 133 222 1393
127 127 1283
127 215 1915 216 1280
127 221 1274 1276 1277 1279 1915 116 295 1274 127 128 1284 1333 1282 1283 1286 1298 1343 1393
127 1272 1273 1272 1273 127 128
127 1272 1274 119 127 1280 222 1393
127 215 755 1278 1280 1286 1345 1393
127 132 133 199 272 273 1154 1160 1164 1175 1223 1274 1280 1287 1154 119 1160 1223 1157 273 1715 128 1298 133 1164 1298 1315 1334 1346 1350 1352 1921
127 119 127 128 1467 1393
127 1272 1274 1915 1283 1275 1276 1274 216 1280 25 1393
128 132 218 1165 1195 1275 1277 1284 116 1333 119 1157 128 1162 1154 1192 1334 1335 1336 1350 1921
128 1293 128 1293
128 128
128
128 1185 1636 1352 128 1347 1185 1347 1352 1534
128 218 1275 1275 119 1462 128 1342 1333 1342
128 666 1229 1288 1572 1288 1572 1992
128 1275 128 132 1306 1572
128
128 279 547 1043 128 1043 1340
128 133 1263 128
128 1275 1284 1915 116 1916 119 1335 1284 128 216 1280 1344 133 26 25 1335
128 128
129 1301 1301
129 1300 14 1300
130 1304
130 1335
130 1302 1624
130 218 1154 1650 1306
130 468 1165 1305 272 119 1294 1153 273 128 1162 1165 133
130 448 1001 1641 596 1314 1641
130 132 134 216 218 273 1154 1156 1164 1186 1230 1312 1315 1334 1336 1338 1350 1935
130 130
130 130
130 1636 585 519 1647
130 133 185 216 218 1165 116 118 1336 1308 128 216 133 1336 1352 1355 1615 1916 1921
130 1041 1175 1336 1355 1441 1802
130 1307 1798 1798 1804 1918
130 1915 1335 1308 1284
131 634 1647 643 1643
131 1190
131 48 488
131 464 465 668 1500
131 1265
131 585 131
131 1329
131 1915 230 176
131
131 1275 1275 519
131 780 1636 1031 1532 1572
131
131
131 1322 485 486 487 488
131 231 131 531
132 242 1175 1340 128
132
132 133 134 216 218 242 1277 1280 1287 116 119 1292 128 133 1334 1347 1615
132 273 1287 116 1333 119 1336 273 1284 1308 128 216 1344 1162 133 1335
132 133 185 272 1153 1160 1164 1226 1298 1303 1315 1334 1287 1156 1226 119 1160 1157 1153 128 1298 1154 133 1164 1192 1347 1350 1352
132 216 242 1186 1230 1312 1334 1287 116 1313 1160 1156 1186 1308 128 1312 1192 1350 1923
132 132
133 1308 1915 1921 133 222 1921
133 133
133 220 755 1186 1190 1201 1331 119 1031 273 1186 128 1296 133 1190 1350 1441 1923
133 181 133
133 218 1292 116 118 119 1292 128 133 1343 1922
133 220 1915 119 1342 128 1280 133 216
133 1298 1334 1347
133 116 1283 1275 119 133 128 1566
134 1165 1275 1916 176 118 1284 134 1916
134 1291 1335 1916 119 1291 1918 128 216 1344 218 133 26 1333
134
134 1353 1353
134 1165 1287 1335 1162 1340 1336 1308 128 1284 134
134 1031 511 134 1916
134 1291 116 119 1291 1335 1918 128 1284 1312 218 133 26
134 1349 1349
134 1918 1923 134
134 116 1175 128 1312 1313 133 134 1924
134
135 136 143 135 15 1362
135 1215 1259 532 705 826 528 1447
135 135
135 135 1361 1361
135 143 1360 135 136 1360 1362 15 143 1362
135 136 143 1361 1357 135 136 1361 15 143
136 136
136 136
136 136
136 143 136 143
136
136 136
136 143 136 143
137 137 1373 1382 1382
137 137
137 1376 137 1376
137 1370 137 1381 1382 1382
137 137
137 137 1378
137 1372 1372 137
137
137 137 880 1375
137
137 1381 137 1382
137 682 1373 1380 876
137 1370 1373 1370 1380 137 1373
138 138
138 140 138 140
138 138 993 1390
138 564 138 1387 1387
138 1386 1386 138
138 157 750 212 1399 1428 1619
138 138
138 1385 138
138 140 247 358 1662 1956 247 252 1400 1617 1761
138 138
139 14 1283 1276 1277 1274 1282 1280 24 1285 1286 216
139 139 1396
139 139
139 1394 139
139
139 139
139 142 1427 138 139 140 1388 142 15 1429 1433
140 1391 1405 140 1405
140 140 1789
140 743 1403
140 1956 1402
140
140 1400 1400 1148
141 1412 141 1416 1417 1419 1416 1419
141 288 728 733 904 141 733 1735
141 141
141 141
141 141
141 141
141 264 781 1406 1417
141 141 1418 1418
141
141 141 1741
141 1406 1406 141
141 1406 141 1412
141 1413 1413 141
141 1406 1406 212 648 141
142 1882 1862 1882
142 1128 547 145
142 532
142 142
142 1504 142 1432 27 1428 1432
142 1128 547 1866 145 1861 614
142 1128 547
142 1399 1432 1429 142 1429 1432
142 1424 1432 138 1433 1388 142 1429 1429
142 1427 1428 58 60 1512 1427 1399 1428 237 1432
142 532 1434
142
142 1424 1427 1428 1424 1427 1429 142
142 1428 1399 142
142 193 460 505 509 523 538 599 606 610 614 799 1128 1430 532 1861 523 1731 1794 1842 1849
143 136 143
143 136 1437 143 1437
143 1436 136 1436 143
143 231 233
143 893 143
144 148 149 145 144 147 148 151
144 154 1340 1313 1192
144 940 144 146 1551 149 280 155
144 146 148 149 146 147 145 1862 149 280 155 1913
144 148 146 147 145 1862 149 280
144 361 853 1096 1203 547 1837 1862 521 523 525 1840 1842 1997
144 145
144 146 149 1184 155 1358 146 145 1862 280 826
144 144 145 146 1520 155
144 1195 144
144
144 148 149 144 145 151 147 148
145 444 460 145 1832
145 444 547 704 1043 547 145 1043
145
145
145 599 614 599 145 614
145 145
145 498 145
145 147 147 145 1563 1568 1553 1554 1556 1557 1563 1565 1567 1568 1576 1602 1714
145 145
145 512 145
145 792 1292 145
145 145 231 233 1463 1463
145 145 1490 1493 1497 1551 1587
145 145
145 1021 1555 145
145 151 155 280 415 444 518 520 523 525 527 530 532 544 546 587 590 591 597 603 606 646 665 696 704 1110 1154 1161 1217 1237 1285 532 147 590 523 525 155 1498 1524 1551 1554 1561 1568 1714 1720 1849 1861 1866 1887 1889 1891 1893 1896 1899 1909
145 151 154 155 147 145 1553 151 155 1551 1553 1554 1557 1568 1576 1597 1714
146 155 280 1043 146 280 155
146 532
146 646 1516
146 149 541
146 146 1862
146 17
146 1031 146
146 155 506 1194 146 1561 1601
146 498 589 603 610 613 693 1881
146 146
146 150 146 1866
146 607
146 1200 146 145 1551
146
146 280 498 646 1190 1190
147
147 657 145 1553 1486 1497
147 657 1485 1553
147 1488
147 1487 1500
147
147 145 1464
147 151 147 151 155
147
147 657 145 1464 1553
147 155 1043 145 1551 147 155 1549 1551 1561 1714
147
147 151 147 151
147 1485 1587 145 1464 1553 1553
147 1558 1467
147
147 1488 1319 231
147 151 154 155 469 145 147 151 1553 154 155 1551 1553 1554 1557 1568 1576 1714
147 147
148 17 148
148 1424 599 128
148 148 150 144 151 147 145
148 145 147 148 151
148
149
149 155 498 1031 233 1898 1864
149 1031
149 145 606 541 607
149 150 274 657 799 945 1070 1195 1198 1237 1244 1429 60 541 523 1840 845 1563 1882
149 547 149 145 1551 1863
149
149 149 147 145 155
149 1471 281 1516 1516
149 1551 145 1839 1865 614
149 1862 1518 1518
149 606 607 128
149 657 799 1448 532 547 147 541 149 523 1882 590 1863 1882
150 550 233 1838 1878 1892
150 150
150 510 541 509 1840
150 1467
150
150
150 534 691 465
150
150
150 236 147 145 150 1568 1554 1565 1568
150 1553 145 1568 1557
150 1326
150 529 613 599 541
150 755 1291 1040 1185
150 548 541
150
151 151
151 151 1544
151 151
151 1043 151 1043
151 151
151 1544 151
151 1200 151
151 1538 1542 1715
151 151
151 278 151 278 1864 1864
151 151
151 151
151 233 151 1494
151 147 149 145 1551 151 1551 1565 1714
152 1442 1481 1494 1513 1517 1550 60 1464 1467 233 1596 1494 1602 1550 1501 1468 1581 1583 1584
152 152
152 1468 1485 1497 1501 1531 1579 1486 1459 1493 1497 1589 1501 1468
152 1566 1459 1530 1467 1501 1468
152 518 581 945 1466 581 1887 1945
152 1993 1459 152 1019
152 1579 66 230 152 1531 1459 1501 1468
152 281 415 510 514 525 530 544 546 587 590 606 613 1161 1240 1246 1257 1498 1866 1861 281 525 1842 1562 1658 1731 1747 1842 1849 1861 1866 1889 1891 1899
152 152
152 152
152 233 231 1467 1476 1494
152 1558
152 1459 17 1512 1459 152
152 152
152 230 17 1459 1530 1550
152 172 280 329 498 1345 1554 147 155 1568 1571 1577
152 1459 152
152 1459 1530 1531 1579 230 1566 1459 1530 1467 1501 1468
153 826
153 152 153
153 1566 1575
153 1293 1636 1293 1294 656 1326 1874
153 17 152 153
153
153 1571 152 153
153 1579 230 17 1459 60 1501 1468
153 152 153 1566
154 1043
154 278 1553 1557 1568 1576 145 60 231 1581 1583 1639 1864
154
154 1579 154 1551 145
154
154 1551 1579 154 145 1864
154 1551 147 145 155
154 154
154 155 1036
154 280 1497 1464 1043
154 460
154 1553 606 607 614
154
154 154
155 523 525 547 523 1840 1840
155
155 547 1882 1840 155
155 646 1862 155 147 1862
155 1018 1551 145 155
155 800 1599 1468
155 1031
155 1597 155
155 278 1864
155 646 1476
155 1551 1602 1602 1459
156 1660 160 769 1663
156 593 1267
156 18 1660 1663 1665 1668 60 24 1631 1677 1683
156 156
156 156
156 160 1665 1667 212 238
156
156 923
156 156
156 692 666 663
156 650 1151
156 156
156 119 1333 563 128 250 1312 253 133 1616 1675 1677 1678 1727 1951
156 1768 1615
157 1391 157 1623 1766
157 157
157 760 212 157 760 1622 1388
157 157 1625 24 25
157 157 18 772 1625 1625
157 1619 157 772
157 1617 1886 1766
157 596 1304
157 725 1620 1621 157 18 772 1621 725
157 157
158 18 158 1630 1631 1632 1630 1632
158 158
158 158 1683 18 1634 1631 1634
158 1627 158 18 1627
158 163 1627 1629 1660 228 18 158 1674 169 1667 1663 24 1605 1634
158 1627 1627 18 158
158 158
158 1629 158 1683 18 1629 1631
159 470 1636 651 511
159 231 628 633 634 636 663 712 1016 1031 1247 1291 1311 1326 1572 1635 663 1638 1654 1681 1867
159 591
159 628 634 1636 1647 1654
159 159 997 1579 66 1019
159
159 1307 1307
159 524 583 1031 524
159 1316 1647 643
159 1649
159 159
159 663
159 293 470 632 637 1311 1316 1638 1643 1648 1768 1867
159 1647
159 585 1644 506
159 290 295 1305 1806 1681
159 611 1890
159 633
159 159 648
159 1636 1638
160 60 160 825 1665 1914 884 164 238 1665
160 769 1658 1663 1665 1756 1768 1914
160 769 1664 160 769 164 1665
160 1656 60 160 1558
160 160 164
160 876 1603 1605 1631 1663 830 238 1677 1911
160 830 164 1709
160 1391 160 825 1665 1914 164 830 238 1665 1914
160 769 876 1603 1605 1631 1660 1656 60 825 1668 238 1665 1683 1720 1725 1777 1903 1911 1914
160 1657 601 60 160 164 238
160 268 559 566 769 1605 1608 1655 1662 1655 1656 1662 1663 825 1667 1668 1657 1667 1912
160 764 24 160 231
160 769 1608 1631 1665 1665 653
160 1605 1663 1665 563 1690 1756 1777
160 553 557 160 238
160
161 161 1677 1677
161 161
161 60 161 1914 238 1683
161 1631
161 162 18 160 880 161 1727 1615 1683 1727 1776
161 161
161 165 1671 1671 1660 161 165 164 1615 1605
161 880 161 1615 1683
161 161
162
162 1636 1650
162
162 1629 1634 1673 18 161 1663 1675 162 169 884 1678 1605 1776
162 162
162 162
162 761 1776 1776
162
162 880 162
162 162
162 60 176 880 164 1668 24 1727
162 162 238
163 163
163 1696 163 1696
163 1695 1701 163 1703 1701 1703
163 1694 1701
163 1693 1693
163 163
163 163
163 169 18 163 161 1776 169 1776
163 163
163 1694 1695 1694 161 163
163 769 163 1704
163 1694 1694 163
163 1702 1909 163
164 164
164 880 880 164 1769 1777
164 880 164
164 164
164 1661 884 164
164 1028
164
164 1712 1712
164 884 164
164 233 60 1501 1494 1550 1459 1467 1468
164 218 1284 1544 1915
164 164 884
164 24 1769 1769
164 164 761 1912 238 1912
164
164 563 830 1663 1467
165 165 1727 164 1730 1727
165 826 1730 165
165 165
165 563
165 1663 165 238
165 165
165 1675 1690 1721 1721 1675 1730 563 1615 165 1730
165 165
165 165
165 1721 1722 1727 463 164 165 1727 880
166 1993 1558 166 1434
166 18 1750 166 1743 1750
166 379 588 230 164 176 62 255 166 884 167 555 1737 1743
166 18 166
166 1407 18 166 1761 1742 1761
166 166
166 1778 1759 1733 18 166 1747 1778
166 167 18 1760 168 166 167 60 1765 1743
166 18 1876 166 1935 24
166
166 758 1415
166 1735 166
166 1732 1733 1738 166 1756
166 18 166
166 18 166
166 166
166 1737 1558 1747 1747 527
167 1750 1912 1752 167 24 1750
167 1759 18 167 1754 1759
167 1732 1748 1732 1752 1748 167 1752
167 247 767 60 241 250 167 252 253 1850
167 1748 1750 1750 24
167 167
167 298 1749 167
167 167 1765
167 1743 1656 767 160 1668 167 238 250
168 168
168 1762 1760 168 1760 1764
168 1737 1749 18 1749 1909 24 1766 1766
168 1738 1758 1758 212 1762 1761 168 1761 1764
168 1735 1760 1391 18 1760 1762 1735 24 168 1766 1766
168 252 573 1758 1760 1761 252 168 1764 1766
168 168
168 1758 1760 1762 168
168 197 288 558 872 904 1738 1755 904 212 24 168
168 1617 1759 1761 1759 157 18 1762 1761 212 1623 252 168
169 169
169 1616 1656 1647 169 238
169 553 877 1717 1706 244 161 1717
169 169
169 1775
169 169
169 1775 160 1774 164 169 1774
169 1773 1775 1773 164 169
169 1771 1773 1774
169 1686 1699 18 1699 1686 1675 1683 169
169 1706 1663 1668
170 1737 1779 1737 1780 1782 170 1779
170 1778 1778 1781 18 1782 170 1781 1782
170 1778 18 170
170 1779 1779 1782 170 1782
170 1778 1779 1781 1779 1781 170
171
171
171 178 178 1786 185 19 1860 1789 1786 1787
171 1785 171 1785 1787 185 19 1789 1787
171 1786 171 1785 1786 1789
171 1157
171 175 177 178 187 1401 1785 1786 1787 178 173 177 19 1791 1877 189 1791 1849
171 1790 1790
171 1789 171 1789
171 171
171 883
172 172 1434
172 483 1003
172 1009 1204 547 525 528 1863
172 172 1807 1807
172 1059 1314 1314
172 172
172
172
172 1313 634
172 172
172 1314
172 172
172 1020 1650 666 663
172 1797 172 1797
172
172 596
172 172 1810 1810 230 176 1995
173 173
173 178 178 1858 1851 1855 1859 1851 1855 1858 1859
173 1815 1818 1822
173 173
173 1813 1822 1819 1822
173 173 27 1853
173 1821
173 1813 1822 1822
173 1815 173
173 1129 1129
173 173 1817 1822
173 1815 1818 1821 1818 1813 1815
174 174
174 1831
174
174 174
174 174
174 174
174 1877 174
174 174
174 1824 174
174 180 1452 180 681
174 174 1877
174 174
175 175
176 992 1019 1235 1040 992 176 1019
176 179 1019 1445 230 176 1995 1998
176 182 230 1235 1521 182 176 230
176 1517 176
176 179 182 230 1019 1445 1512 1592 1594 1592 230 176 1523 1995 1998
176 181 182 230 1235 230 176
176 181 1021 1445 1558 176 230 1558 1434 1913 1995
177 199 177 727
177 177 1849 19 1849
177 177
177 351 212
177 177 1934
177 62 164 828 177 884
177 1844 177 228 176 230 1558 1844 1789 19 1467 238 1434
177 1751 177 836
178 1812 178 1858 1812 1858
178 178
178 1816 178
178 178 1858
178 1812 178 1812 1858 1857 1859 1857
178 178
178 1855 178 1855 1859 1859
178 1812 1851 1855 1851 178 173 228 1854 1859 1812 1859
178 1812 1855 1857 1858 178 1858 1857 1812
178 1785 199 178 19
179 836 1425 1434 1558 60 1558 1467 1998
179 230 232 233 845 1021 1235 1420 1443 1444 1445 1447 1473 1518 1595 223 1595 231 233 845 1998
179 1021 1116 1513 1520 1796 60 1995
179 705 1546 1583 1509 1579 1546 1600
179 1517 176 179 182 66
179 181 1019 1425 1558 60 1479 1558 1467 1993 1998
180 1636 1647 504 643
180 180
180 1871
180
180 1869
180 180
180 160 180 825 1914 164 238
180 1572
180 180
180 1739 1935 180
180 199 1789 1829 1833 1950 1952 1930 1932 1935
181 997 1521 57 230 60 176 62
181 181
181 181
181 1108 1116 181 1477
182 1420 1520 1594 1420 1512 182 66 1520
182 182 1040
183
183 183
183 1012 1623 585 601 594 1897 1984
183 57 1555 60 62 1467
183 57 585 62
183 1558 1467
183 591 1651 516 585 1028 666 656
183 181 1558 1467
183 1521 57 230 60 176 62
183 60 1467
183
183
183 181 1467
183 647 665 835 1144 1886 666 57 60 62
183 663 1509 594 663
183 1558 1467
183
184 60 1914
184 1912 76
184 1663
184 184
184 212 771 24 781 1906 1908
184 681 1912 681 1910 1905 76 1910
184 1909 1910 1912
184 1905 1912
184 246 251 1704 1759 1907 246 250 251 1467 1929
184 781 1906 1907 1906 563
184 778 212 1660 1663 825 244
184 213 763 771 1718 1748 1902 1906 1907 1908 239 526 241 1665 250 1718 563 1928
184 230 1443 521 569 1913 1913 1842
184 1655 1662 1673 1873 1901 1656 1662 1663 825 253 238
185 221 272 1153 1164 1188 1228 1274 1276 1277 1279 1280 1286 1298 1315 1323 1338 1343 272 1715 1154 119 1223 1157 1187 133 1188 1955
185 1298 1346 1347 1346 116 119 1351 128 1312
185
185 1164 1347 1352 1354 119 1031 1314 1165 273 1186 128 596 133
185 185
185 185
185 1338 1287 1338 128 1312 1284
185 1342 185
185 1354 118 122 1340 1336 133 222
185 1157 116 1355 118 128 122
185 185
185
185
186 1930 1935 1912 1930
186 1909 186
186 1877 1928 1928 1952 180 1935 1952
186 186
186 245 228 181 1999 1877
186 199 186 1935
186 245 1847 1935
186 1739 1876 1928 1930 1933 1934 239 241 214 1308 1877 238
186 186
187 187
187 187
187 187 1943 1943 1945
187 187
187 187
187 187
187 1939 1939 769 187 1944 1945
187 1943 187
187 57 62 1555 1943 1939 238
187 187
187 187
188 188
189 189
189 1092 1877 1952 1952
189 1615
189 1877 1930 1950 1950 1930 212
189
189 189
189 1163 1915 1275 231 233 1162 1163 189
189 1105 1391 1403 681
190 190 1962 1962
190 190 197
190
190 24 190
190
190 1957 190 1957
191 1964 593
191 1963 191 1969 1977
191 666 1977
191 198
191 191 1971 1969 1971 1972 1973
191 191
191 1964 1967 1972 1971 1972 1973
191 1971 1972 1971
191 1967 1970 1967 1970 1973 1971 1971 1969 1973
191 1969 1970 1967 1969 881 1973
191 1971 1967 1972 1971 1969 1977
191 195 197 197 191 196
191 649 458
191 191
191 1964 1973 1965
192 192
192 192 1988 1988
192 192 1982 1987 1990 1982 1989
192 192
192 1980 1980 192 1987 1989 1989
192 192
192 1886 1984 1984 462 611 656
192 192 1987 1987
192 524
192 1980 1982 1985 1985 1989
192 1979 192 1979
192 1982 1980 192 1982 1987 1990
192 1980 1989
193 196
193 509 1293
193 1556 1731 1866 614
193 238
193 332 945 1184 1810 548 1837 541 550 1840 528 1863 1842
193 193
193 1445 193
193 541 528 1862 1837 1861 523 1866 1840
193 1932
