500
1 2 3 4 5 6 7 8 9 10 11 12 13 2 7 10 12
0 7
0 14 4 0 6 15 16 8 9 17 15 16 17
0 4 6 7 41 109 112 352 391
0 2 18 19 20 21 22 23 24 25 26 27 28 3 6 7 18 23 27 48 236 240
0 29 30 31 32 11 9 33 34 35 36 29 34 35
0 2 37 4 38 3 39 40 41 8 42 43 44 13 45 46 47 7 39 42 43 45
0 1 3 48 0 4 6 39 8 13
0 2 6 7 49 50 51 52 53 54 55 56 57 58 59 60 61 62 48 55 56 58 62 471 473
0 2 5 63 64 65 66 67 68 69 70 71 72 73 74 75 76 63 64 68 69 71 73 74 75 76
0 77 78 79 80 81 82 0 83 84 85 86 87 77 79 82 84 85 86
0 5 88 89 90 91 31 92 93 94 95 96 97 98 99 100 101 102 31 88 94 95 97
0 0
0 6 7 103 104 105 40 106 107 108 109 110 111 44 112 113 114 115 47 41 48 103 111 112 114 396
2
2 116 117 2 116 117
2 2
2 118 2
4 119 120 121 122 4 123 124 125 126 127 128 129 130 119 120 121 122 123 124 125 126 127 128 129 130
4 131 132 133 134 22 135 136 137 138 139 140 141 142 22 24 26 131 132 133 134 135 136 137 139 140 141 142 184 185 189 190 204 206 207 225 228 229 260
4 143 144 145 146 147 148 149 150 151 152 153 154 155 156 157 158 159 160 161 22 143 146 147 150 154 155 156 157 159 161 489
4 162 163 164 165 166 167 168 169 170 171 172 173 174 175 176 177 178 179 180 181 24 26 163 164 168 173 174 178 180 181 206 227 228
4 19 182 19 134 183 184 20 185 186 187 188 189 190 191 24 26 134 136 141 142 182 184 185 186 187 188 189 190 191 204 206 225 227 228 229 240
4 192 193 4 194 195 196 197 198 199 200 201 58 202 192 193 194 196 197 198 200 201 202
4 141 19 184 21 203 135 22 185 204 205 206 207 190 135 136 190 206
4 208 209 210 211 212 213 201 214 215 216 217 218 92 219 220 221 222 223 224 129 197 221
4 225 19 226 227 21 228 22 229 204 230 231 232 207 190 136 226 227 228 230 231 232
4 233 234 235 236 237 4 238 239 240 241 242 234 235 236 238 239 240 241 242
4 243 244 245 246 247 248 249 250 251 252 253 254 255 256 257 244 245 246 248 251 254 255 256 257
5 258 259 5 32 260 33 261 262 263 264 258 259 261 263 264
5 265 266 267 268 269 270 271 272 273 274 275 276 277 265 266 269 271 272 273 274 275
5 11 278 279 280 281 282 283 284 285 286 287 288 289 11 290 291 292 293 294 295 296 282 283 285 290 291
5 29 297 298 299 300 301 302 303 304 305 306 307 308 309 33 211 297 298 299 300 301 302 303 304 306 307 308 309 326
5 29 310 311 312 313 32 314 315 316 317 318 319 320 321 322 323 324 325 312 317 318
5 326 5 327 328 329 330 326 328 329 330
5 331 332 5 333 334 335 336 337 338 332 334 335 338
5 339 340 341 342 343 344 345 346 347 348 339 344
6 349 350 105 351 107 108 110 352 40 353 354 44 112 113 355 356 357 47 41 103 105 112 349 396
6 358 359 360 361 362 363 364 365 366 367 368 369 370 371 372 373 374 375 376 377 41
6 7 378 379 380 6 381 382 383 384 385 386 387 388 389 390 382 383 388
6 13 37 112 353 391 397
6 391 107 3 392 38 108 37 110 393 394 113 395 396 47 397 13 393
6 398 399 400 6 43 46 43 398 400
6 42 401 400 6 402 403 404 42 405 406 407 400 401 402 403 404 405 406 407
6 13 37 408 409 410 411 108 412 413 414 415 416 104 108 392 408 409 410 411 412 413 414 415
6 417 418 419 420 6 421 422 423 424 425 426 427 428 429 420 421 422 423 429
6 42
6 13 37 41 392 397
7 430 431 432 4 433 434 435 436 437 8 438 439 440 441 13 431 432 434 435 439 440 441
8 442 279 443 444 445 446 215 447 448 370 449 450 451 452 453 454 52 444 451 452 454 479
8 455 456 457 458 459 460 461 462 463 464 457 460 464 476 481
8 465 466 467 468 469 470 471 472 473 474 475 60 465 466 467 469 470 472 473 474 475
8 476 145 477 49 478 479 480 481 482 483 484 485 486 487 488 58 60 123 474 476 479 481 484 485 486 488
8 489 490 491 492 493 494 495 496 497 498 499 484 489 491 492 494 495 496 497 499
8 459 456 457 460 461 457 460 483
8 8
8 8
8
8 23 52 145 153 8 59 60 143 146 155 192 194 211 228 267 276 331 346
8 208 92 223 58 151
8 51 52 482 58 484 488
8 123
8 8
9 66 9 202
9 9
9
9 63
9
9 74 9 74
9 9
9 75
9 9
9
9 9
9 68 201 68 9 201
9 70 9 76 76
9 75 9 75
10 10 85 85
10 80 80
10 10
10 78 78 87
10 86 82 83 82 83 84 86
10 81 86 81 83 84 10 83
10 81 82 81 82 84 86
10 82 86 83 81 10 86
10 77 77 10
10 81 82 84 81 83 84 10
10 80
11 92 288 11 370 290 291
11 359
11 92
11 108 231 246
11 25 59 88 90 456 459 93 124 164 166 284 343 355 359 363 364 395 443 459 462 471
11 92 164
11 11
11 11
11
11 153 11
11
11 359 370
11 308
11
11 359 368 164 364 379
13 37 355 392 107 397 112 113 357 13 108 349 355 391 397
13 105 108 110 111 44 115 105 111 392 397
13 37 104 37 392 352 397 104 109 352 391 392 397
13
13 37 41 103 108 110 113 109 113 391 392 396 397
13 37 41 44 104 107 103 112 91 110 356 109 44 113 109 112 355 356 391 392 394 397
13 108 391 3 105 392 107 108 110 113 391
13 37 41 104 107 108 109 113 391 392 396 397
13 104 104 392 13 392
13 37 103 108 353 37 392 3 108 40 397 113 13 113 353 392 397
13 37 41 103 107 108 109 110 112 107 357 112 356 357 391 392 397
13 13
13 104
15 15
15 15
17
18 18 122
18 18 123 122 122
18 18 121 121
18 119 120 120 18 123
18 120 122 18 52 61 128
18 130 18 92 125 129 130
18 124 18 130
18 18 129 129
18 18
18 18 123 129 129
18 124 126 128 18 128 25 126 130
18 124 18 125 124 129
19 19 207
19 19
19 19
19 22 19 184 22 184
19 24 19 184 240 24 206 184 206 240
19 225 141 19 26 228 22 24
19 19 262
19
19 19
19 19
19 24 136 19 22 204 186 206 206
19 19 22 204 206 190 190
20 208 20 223 58
20
20 52 58 149 158 160 237 489
20 20 58 489
20 20
20
20 145 214
20 20
20 59
20
20 58 97
20 20
20 20 58
20 20
20 20
20 145 267 215 220
20 20
20 145 316 471
20 20
21 167
21 163 163 21 179
21 167 93 21 92 102
21
21 92 377
21 162 164 289 370
21 21
21
21
21
21
21 21
21 21
21
21
21
21 21
21 163
21 21
21 21
22 22
22
22 24 134 135 19 134 135 204 22 189 185 188 189 204
22 24 19 184 22 204 189 189 229
22 141 22 206 191 206
22 22
22 184 22
22 184 185 19 184 22 185
22 24 26 142 19 24 22 191 142 191 204 206 229
22 190 22 186 190
23 23 194 196 200 193 58 196 200
23 192 196 23 200 196 200
23 192 23 58
23
23 192 193 193 192 23 200 200
23 201 23 199 25 201 221
23 23
23 197 211 201 218 201 218
23 192 193 196 23 192 196 193
23 25 74 197 199 197 23 199 74 211
23 63 23
24 206
24 26 141 142 184 185 190 19 184 22 206 206
24
24 135 141 142 186 204 141 19 203 21 135 22 24 204 186 190
24 26 131 19 229
25 59 143
25
25 279 214 367
25 199 32 201 58
25
25 343
25 149 210 220
25 49 158 219 233 265 454
25
25
25 199 199
25 215 491
25 158 214
25 197 25
25
25 59 143
25
26 136 19 22 229
26 227 26
26 226 26 21 22
26 136 26 19 21 22 229 58
26 228 19 225 22 185 207 190
26 26
26 91 26
26 26
27 215
27 235 237 27 242 235 242
27 234 237 234 27 239
27 4 27 240
27 234 235 145 238 239 240 242
27 237 27
27 235 237 27
27 135 4 237 135 22 27 236
27 27
27 234 234 237 27
28
28 28
28 28
28 91 28
28 370
28 28
28 461 447
28 461
28 28
28
28
28 28
28 28
28 28 257 257
28 256 257 257 256 28
29 29
29 29 263 263
29 19
29 263 29 263
29 137
29 259 261 29 259 261
29 29
30 30 215
30 30
30 158 58
30
30 30
30
30 30 273 274 273 274
30 30
30 271 30 271 274 274
30 271 273 30 271 273
30 30
30 58
30
31 289 295
31 49 210 461 369 458 461
31
31
31 31
31 31
31 92
31 31
31
31
31 88
31 167 278 359 370 292 295 369
31 88 31
31 88 31
31 289 370
31
31
31 278 289 370
31
32 32 301 303 304 301 303 304
32 307 32 307
32 32
32 308 32
32 297 32 297 323 323
32 308 32
32 297 297 32 304 304
32 297 303 297 32 303
32
32 32
32 298 298 32
32 300 302 32 100
32 32
33
33 320 320
33 33 315 319 325
33 318 318
33
33 312 316 324 325 325
33 315 160 324 319 325 319 324 325
33 33
33 313 33 313
33 312 316 316 324 325
33 311 311 327
33
33
33 301 301
33 315 316 319 316
33 312 315 316 319 315 316
34 32 34
34 320 328 330
34 327 34 330 330
34 34
34 328 327 328 34
35 337 58 337
35 35 335
35
35 35
35 332 35
35 338
35 331 331
35 336 35
36 36
36 345 342 348 347 342 348
36
36 340 340 346 343 344 347 348 344 346 348
36 342 213 92 344 453 345 347 344 347 348
36 342 343 342 343 36 347 348 347 348
36 340 343 347 348
36 342 342 58
36 340 342 343 344 343 344 345 348
36 340 342 344 340 343 344 345 347 342
37 103 391 37 392 355 355
37 356 356
37
37 105 105 394 3
37 112 40 355 112 391 392
37
37 103 349 353 103 349 92 108 357 357 391 392 397
37 108 350 350 108 113
37 103 113 355 391 355 113 391
38
38 89 99 102 289 92 417
38
38
38
38 92
38 92 102
38
38
38 210
38 102
38 279 289 370
38 49 88 99 167 247 289 292 295 369 458 461
38
38
38 377
38
38
38
38 166 373
39 388
39 102 388
39 383
39
39 39
39 380 39 383 383 386 390
39
39
39 383 390
39
39 378 39 379
39
39 383 386
41 109 349 357 103 3 105 355 107 108 109 110 40 353 113 357 397
41 103 105 109 111 112 349 104 105 355 107 108 110 111 353 44 112 113 47 396 397
41 41 395
41 352 108
41 393 92
41 37 392 107 110 397 13
41 103 105 112 396 103 391 104 105 355 107 108 110 40 112 113 392 47
42 42
42
42 43 43 405 42 405
43 43
43 405 403 43 403 405
43 402 405 402 43 405
43 43
43 400 402 403 400 402 403 43
43 43
43 43
44 44
44 44
44 44
44 44
44 44
44 44
44 44
44 44
44
45 359 426
45
45 425 423 423 425
45 45
45 45 429 429
45 45
45 419 419 425 45 425
45
45 419 423 423 419
45 417
45
45
45 421 421 45
48
48 48
48 48 439 439
48 439
48 48
48 48 437 437
48
48 435 435
48
48 432 432 433 48
48 48 441 441
48 440 48 440
49
49 92 458
49 49 479
49
49
49 249
49 456 459 458
49 452
49
49 49
49 49 449
49 343
49 49 215
50
50 54 92 448 498
50 54 50 54
50 279 448 370 443
50 54 92 448 92
50 54 50 54
50 54 249 250 279 279 370
50 92
50 498
50 50
51 51
51 51
51 51
51 472
51 472 470 51 470 472
51 469 469 472 51 472
51 92 160 488 8 479 488
51 469 470 468 469 470 51
51 51 8
51 52 51
51 51
52 50 52
52 480
52
52 444 52 471 49
52 477 482 483
52 50 52
52 60 480
52 54 498 480
52 53 52 60
52 52
52 52
52
52 471 52 471 60
53 145 146 53 20
53
53 53 219
53 53
53
53 53 495
53 494 53
53 53
53 53
53 463 483 456
53 53
